311333112321213444412212213442241244151441412515434111224115232433222245522244522154535113533521553125314222414311212122444443441331131222332
312112231211133412321424441113123325414252125533514234433231245222144212335534341454325535512234141524515225132232311444414312122433122211133
313233312111142132143314431144245413514423513414542532522155542345214132234322242551153225415253323211125341231213132433334214444342212333321
231131133224334413134412223233424324154235431423145133451431214356463226342232453242215224351123123114534344542411114143124141212333233112212
222223212333111144422244211114325523333245153515115224455242342646565355535565666526223442123135324243151121434141221234431114242343221321213
311222112313434242132131123153213341154321252232215514233252264323636645344526255653443541333143325525215445244411214241341444343122141332321
232232131342443232131331144335441453253153215423534623462356226652243246456644523426655545665124513332154414242432555241323114331113144111331
232232244331111142134122124543233143531314151544262554444525546446342235454364425434632346366664123142142544431353331542321441123214232331331
332122134422234121441224151543412153515534311256565425225564424446425344266226364222465433324353342512221233112244323114333114231133424422111
233311342123343124424452323152112343114545222364546246654352646445663633223436664322626425346233424543324533211514555353241311434111313444223
223312423442322324324325234434113133115255635223453552465356546462224532362624324254434245562532532624423235554513514534421412114342222231331
211133313314411331351113115243343323521233224535236626555663665663523524666444563346362362533225554234451255451324543351332433412124214421341
233112434124322424113514245123412121236245645332545632546535442426252622455246465322545245466564534255626522221322534515224222222134233122234
343441424314431225154451132311121224563233656522244544332643643655266464665665422225224334546323556345455355534212343253353354114442222244324
134132433224241353224115252534411524232554246433325626352535543553533464465452552523654646225463643233533424222443343121551333541224311232412
311434414344141222543424522544444425636566634664655365634632373733366776643433347426563442266642465544333626632143522311452445324143224421222
341431441114224224515113322131166325625555534326646444444373575375474653663475376464363533423336263364655234354315353254214144412421313322442
412442232121211311124412122514553565626445636445634366433375543665477734765754643375533454642356326264424253346353412231115222314214212213132
412314444444424353442314134366534656555552652352565466663555575564567633765766763573764473773622342623223446434355443423353444145341113134143
442142344244322144255115545432256322655523622432575347335735347477665547473455737456776573636753633662623453324464535531233242124121143233422
423122423145231245332552313222556226444362465253443455654376763434554357476434653676767444746477733533546256642262645121523153132114313112322
231321233131252424534533522624424442245545266663647476736646657554637634344453634466777656753465346464346363556333445633424421135153131211112
233313213123323323155412632564334364352523566754376356336364573467536756476633735365667575453763574452566425543326252244424344243554421431111
442231234523323134555314232523562224532565575774447474365763575335374476537434344476543774766376346373552346245624323622441455133422145141143
243221445514532523251456534446554522545463356545454563553573334373545443467753766764354665736673674537675345656266635553525534552513415412424
412311332252343252342564666243563552447465744677475664765753433374353564737745465474435746637745733376473433642534244326551111343243313323121
142244323233353214222252534336626332636546443445666337765775737355565846845588636547547474345467344637736464463545526455665444254313222334442
132232222424354353542533245225626337343543455476575653536377767788576855758454585465574744657567755463564565522422642435555444125332515323412
412123433135151555323265533326423363743545335456644746638568755464458555467454876477477463737457543776767633546554563364542321214113211411531
333424423432252355664553324442524674673776336473537437655777778888647874868678765474846456637633547434353463452336352624455325221212134125134
333353522124444233526225644253567545343467745335553645647544556478766678574547648447846646857335647757563363436633252444236642313531522444433
233132225523312462542556243526363676755555576664548846885765586768584667855785586844576564856656754435476643537766466626265655434555324343554
434542543454245644323653222343656443564773376535577844455868878656574468488564874747566667554444636746634443643653463332654235362433531553544
244225145221254245442456323466643455474765565677556458545777857475784746877646845558666877574687663765634667366675225662654625365553244445352
435335444145415235643625635376777346647677635446656866454547557688654757576544484577878878457744467475463773433473733242644354336115511251134
344131341245532225435446634437335374577655464546565778578858557565687756755477874575477654885746775353657476467675654636452624325251534515324
451113235321144434256543566777435335474473645444784446555884674874548544476675775454554686656847775673366546467677775523345626644623424533144
414435233224543623525535324655477335565554466466678674446546487484645557586565588454677876787688645648535533365453566322453455646665221233233
431213535242344662562354654675733763644454546654667666577467744865897595997659597784668746678747584885665546637565455354663262342443511155243
434241411125363233225366663377454456335778754464465457545575768757957979885885965758566754548567486744477664367677463472653244445225414241544
125322544415363362546544674737577735574648874566478468467558757565588699998565687585568744668745567484677436354354346334633264266526213121431
313541313364242465434646574434746736458776456485686768487568856988858688659598788886595968446666786565755644335365363776456334462664214312254
443325242266443456265435575374765533774444585685845877578655988569857585965588586595879856645768888467474687553444545536533634366223635435452
223422325344623666536655733455773463584468787476688458755695678956755699566797677755767798547857845785685673764675574744626465536225353112233
445141224345242463363734563467367366886445857784444565859876679556778957887976888957787677767754778575584455457754535554566664552266341531151
533251233255423456523444477357434457876574856677497897756586666999778759588667858695679889686558584554777485753465535734344535466526346352341
124154525534263424555343637354675776476486746867758877855559777859779888889967798888559897966756556758755745774734543334343265355536452145141
431551156343332466653433735554576648684668456869889886666678968568796776876788596669879577787777666674588468763564753775667354362642456254134
311132153423445562273463476633747477545787587479587587868788657677675959665895678658856899758759665845745657567453556634743365326655233321535
222242553542456463347345445453368788887555678767696896655758997959877768897698897678787699789666575657456446574637645456465522633222226654115
451454326553525226253535464757684885666554855988858799578557888788967768767899668676865557785687758585447554444635553563567743246325635243124
245333342332632465453637374457668465445868479995787685685956967687889678778686996677757677755775757755475766574533446467534544323224265434443
143244425462423652537737464435855645864886466879575599698866777898788876689798788869667875759656758686478666748544363375436544544336533322324
352134244353362623656737336734684875668457688788686776579787678888978688989788778766975865586657595674757588877573436455753765565344325564121
333126236335526423774635766658555655686576566797997786886696786886987997796899888866969775566789758897688785864767744737463745324436543256211
121412233456546256673743467575464887845655796878959958966677769666687698868686669679999677987657698565558875674445337664334344532244436524115
454456466255643665555637666744477688544475797655795665766898886868889989678996976877797976796587667887474574684654435444733757532634454433551
355442426332642576337773335648564755547576565565956859688788679898668776799766968869697695787759567966878756788885763735733337546622443334152
421123236644263255347744335346776674778496795578978957898986677898966976999766786889676679596776766776846854866556854476745755753533624445522
134224636665434545544737353577875544555697776686767866868896888796776876796689687699788698666687699695697548884744577676465476433546225566641
552242222656644565436477666647565588744775679655768787786796887779977779987789876778896669768957567865887674776466846447775376732226423264243
114536663356225763646733556687748555555565776956697689988966996799998989899797789969767997997885787997764846567666577776676664463623442226331
253144265536433753745553563648865765555558665878675968898788766889999788979898887789968997789699976895774487588577685575476653735523652635255
235134242262445364647743556745664645589658978768966777769667768787998788889899998996799696777799675785958646774775783635746465542222264462255
211152234645524656654636756676888454787565787899668977977786778788779978797778988697698767767698699557679885575465545447667555676333264223422
513262242664334343766475676445554657759989565995977877697797998799988787798887778896898678677689677887598788787445847366456646363422436334624
222463363223633457557456754864585874557767959665889989698696687879797988897988897769979879786766796756797844686868877576435576735642446365442
123454244663262465536777674754476567449556679668767788779798777879879988897778987787766886996955968699966467656556866764754637665436235524233
241566356266653433377743747458756856497996979669896986679799678897779878798797779898667666896958899596588864478458766346545746574365426253664
354245242445642655743666366477485776688868768685988778669687888897997887899897878889876998978969566676975555665788648344737667653525346245622
241653223564543633744447348847448467566985789766696667987678887878787797787987878886767986969999566655585654547876645533735544764635226333542
234435566363655476336336674446478485789855755896897776688797999878799878878788988879997698898769766668886688844675566346446535673465446636344
332344554322243733357436544786757646879965995785976968996689998987779987887779998886678799996966575778889765845754455746435375736644662244632
315324456444534366767375667887758865586995778665966978767996979999779977879788878878796699769867985697666858464848464437444366453242354622653
455245526546453336534445445788456547486586685756789889866687688977887977998978877998786866968876667865975545476444676436674764344665326263632
121463443333345644375745357668485675748696655769566698986699799788999989998798797788987887867778757688989744645567666465736775435333554546632
523423245363444737464564738878788655566788977558769796768896878788887979777787989997898987897879579875868464768887657476357763332363435535633
412653636326335573355553554685788648667987965888587697776899777799878998899887889976698796677678668697868778555784485374666367665622552233634
235263254652666433663774766758487868676667856598559888997876878879889887798887988886887669977599785995598786574658444574555455552445436463524
434256555636652634375364454446864458479989689767659698978896878898988888988998889976676879967979566685875654765785643775353763744646564524514
415535236445624635753735535574658446847767995999887787786879996867788798789789688798987989798988887667876847446658846646555435655324356265442
532542545623244767657767667747786576764997578865985698986888867888799897988997979786977977789899589877797888746556745747477643573452252636441
344462452263645337677474653676687464458978665876777789668699997879676898796697898886667878957998877676678667447886443554463676534543435344333
341325352435356256645773456487648777647968788665795877899768888868789896986898696889998877667669959778885574568544766747435333366465555666454
352122265426524454345733764645758665645585799679958788879668998966798678778669896897969988568589768998565848454685677554767577633252456564355
524223543325344566535565634356548857878489666879699976898787989898778768897968678686676968988657565659578568886776744465344463563435262636324
112434225662553464576476773574887844677588889556897669769969776679966966969979797976976789788875666777474458878467663463666444635636562236234
111243324244524537636476737658468844745645689595556765597767699879778988867969679887677695898788857877857654574678474734753357345346326545153
254153325562563656645576774374888646476645795678775787876997798898777987899986787696886675765987989696684486458556636764474555324352235263134
232343425252234225464567543556655848546566895669788566959587776997979868976986799877976688869588667956884866587885337437664744222246334445343
223313522562444533763553335776885857568456667995956967758896977667667996668779987897598957778778997645454564854574377564664764663533242361554
245513532464544334764573367764365488557675646895796696899958669889997877667869968679977669996697957487767887467757744536633454322655633422225
314133632562666653547435374656676746765547687779878998598996989788989876779898989786679787597556956665788857464434656735477732656252246545235
415225356624554344676763757473477586657854645998668959888765679766776979996895899667885665787585876787674774564337377353773655563263665212314
334144143225563424434573654574668765558544866456598697875899656695689679757976766686755959696959775668468584456363375567533725246432565515444
545244552526625224523663556367473877477446477758875867869777597676798896679979985785776568598786758848664644765633563676674624265634434613241
531514315233563663535574347643535575466485555666768669699675989658777899979555579867678699989757844886487757887744353353767225233326652235323
141523152632666332362376346437733345748554785757488779786979565658777677667867959699689786559784486565567866463643653735562246626334526235345
535554433532564425234545747354337636747885545564654559596769979799875858569855877756656756954745674466665875364454355533642542563533344452125
434125534433425564624577653544474336745575446888466756888679759655785898788599776559766765975656766688465564775647436365555423324355543343213
525215535154236635532667343337545653474884866447786758799967975876589588785895997777665758868766475858555685757643433353653655565665431315341
452135315543253354523244635456635637454856547588445686687665755598759757995986888779789958787586677566568847336676664433365244644255653312242
543151234124465645256563456736676643567847657884786784667757569857875857955797785687774558557464546544646677645475447456626246242634413231411
115252324125346333433642364677536547635864656756645545857788787796576879658666877666586468854446876564665374763355447672342425554265132241324
215211214321443642232465635476745646466656765566784678878856565897698687988558577876684456885784655846464374744776737332464436423543453234522
422512315545564462233542225345467457376534576877585488567558676577559889759468888668745458575858874587473647564454465635635253265451222232212
252125342111242222423532462545666574735376868848476455864586648488467886847874874887656554484856568555646537357567673563635456552241325412521
233332331544225353663344464633334746456335755676877747746548548576788568685456744755468767757887877377653436676346446444263365632531332231121
415124445321446562546442355647454756554734477555857678664846667886474444766858854687865588844586683564377477473374725333552555234113441214452
315135333112223466363552566627647374454777333686454667667787676776845655558456748845574477778467474574646765365776235264352453242113555251421
234335311241312253535553436326777556555373345767776557557758658567458685867767585447648645564777454563766335443346434462552424551143241134314
323235425133424455332526454346545475546463734666757744454854647854458688755754885846658846768366555444474337756735352666443466554251343421251
331121351555254434435356534322646434644576565436444587544578444768554684766665747644875788553466464553465334474462254363442324532553155451123
111153513141332543666526424554542343564753337453473555867866865685574766447847846645785476734457536373754445733633354444233321241431524134243
422334541242153522532454255456233447637346434765476765476888847545476455765447555547866566775445754345765764524336335456223322212122543511113
213245354514431454225425663252633323443367754674547654656366674567865864854547767656556547764666653446537557234426634364333631454213445151344
434322524333123123445534643554663632545735463753743675355435654668875848477845437667476737667643347576645362453453436223266134524113524434433
323432535313355131345562466432454266643656536464353446366334445646437665353736747735356547665477655637777366522333236542523444351333235553331
424442455251435323123552233265633444422456643653466557664533355664756354577766755346757454667775735445672354443432552345413152223231423512232
142121331155511255224442263656353553442426346754557466767747464747374576374435334457374367745456476455225352223634425226123432315315131114231
132234411242552413532232343663224465454423663445366575575776673653357674377657767344443336665433443533222333224245366565455511514523134144322
332132344552221141512233322355664426552442225635554574546367363563545747376437546337365474635573345665362252445625434552254333425424254441224
222243134145545451413543126524324434236653655657653433337353577657777375645546464667347646467567756232244362264646223113215552242513523223323
124433233423151514132532532253244626625565464326353675565656363357336464663755375375566647336536422236525423343353551525115554514552342224434
111433221331512355553435253353445432442326564263322667675657445767566675633574474753347473774654344665543265265324423531254145443443443431444
111142123331222411135522353331233535354636332656254637473635764574754346354566733667363767434353252344555234664561452313413442333442344231111
422244131243232425423155115314335456343342443262432645536336756474654536753363546736676345533633264266523533323432355141225111324443143114324
322343411244212154312233155522535223464246332236262545236554634565774746443463774345366225352462555465524454265311552131235335252414212132423
424132231112234212321213114312515553246652226455623534265464565546555234523634565325646224655335656455552563442122151424545423543244331222444
214243124411232225243143333353354214666463466526324235635356345545556532644562442355626356642324266324522236553223355454432234432113244212141
134223234241133114141141434112323455445625562433432624626636233445463334654564366464564256623344536645626614415145323153215344142232431122233
331233231221111441321232455241521233215543653464463535564635624463222322224426333666565525354466642625545224234541542152341531333322142321212
222244231231444441342435134142444512323432336526454463623626322464253653564356325562433666634343333536232214221134235414423133411342413241312
123324313211312144221144451251345123535415133664443534642443535626346645336553244632424465655535665414154442421414423115252223412124144412233
122333223121222311223113432415544143233111451244646432554625334346225523453526355545664355543354354514315355112123111123221134141131113323213
112323211414141321432114315113443352513452213223365522454422362433265535366543366543533542622232352525133154152224435412342312241241442333312
222323222421143211244341353334555221352313324514343423435236355454422335552443362352465232353344435415114322342243233424441144422224431223332
212213321331213414244133314434433251315131111454251135546536632456253325633256326652565242134313442153442233435512222232221441212333342213212
212131133331113341113342224411214154215332452425343322215523345243655665523552255562321342455355135431131234133144142331344442443231331233232
233321322322443413121123312444531214533225341224522443332554243314535245552236344114511451245343525523531443143254222134323431434133323131123
232111321113334123142124112422214355453524522453122242441222245421223133421541254254424523115414154455414514552241212422321143244231313331223